h_fib,lda0,Reflectance_port_1,Transmittance_port_2,Absorptance
1.78500e+00,5.00000e-01,9.29186e-01,8.85904e-07,7.08128e-02
1.78500e+00,5.00175e-01,9.26911e-01,8.08343e-07,7.30882e-02
1.78500e+00,5.00350e-01,9.22725e-01,8.45647e-07,7.72742e-02
1.78500e+00,5.00525e-01,9.23344e-01,1.64599e-06,7.66546e-02
1.78500e+00,5.00700e-01,9.36373e-01,1.75554e-06,6.36253e-02
1.78500e+00,5.00875e-01,9.38976e-01,1.34357e-06,6.10227e-02
1.78500e+00,5.01050e-01,9.39681e-01,1.08371e-06,6.03184e-02
1.78500e+00,5.01225e-01,9.40449e-01,8.93593e-07,5.95498e-02
1.78500e+00,5.01400e-01,9.41445e-01,7.28362e-07,5.85546e-02
1.78500e+00,5.01575e-01,9.42622e-01,5.70114e-07,5.73776e-02
1.78500e+00,5.01750e-01,9.43901e-01,4.13032e-07,5.60989e-02
1.78500e+00,5.01925e-01,9.45183e-01,2.60745e-07,5.48170e-02
1.78500e+00,5.02100e-01,9.46349e-01,1.30431e-07,5.36508e-02
1.78500e+00,5.02275e-01,9.47263e-01,6.42618e-08,5.27367e-02
1.78500e+00,5.02450e-01,9.47780e-01,1.54210e-07,5.22197e-02
1.78500e+00,5.02625e-01,9.47758e-01,5.99162e-07,5.22410e-02
1.78500e+00,5.02800e-01,9.47061e-01,1.85851e-06,5.29375e-02
1.78500e+00,5.02975e-01,9.45494e-01,5.16116e-06,5.45011e-02
1.78500e+00,5.03150e-01,9.42508e-01,1.47311e-05,5.74769e-02
1.78500e+00,5.03325e-01,9.35290e-01,5.27683e-05,6.46567e-02
1.78500e+00,5.03500e-01,7.02139e-01,1.89624e-02,2.78899e-01
1.78500e+00,5.03675e-01,9.41980e-01,4.19944e-04,5.75996e-02
1.78500e+00,5.03850e-01,9.47207e-01,6.73892e-05,5.27256e-02
1.78500e+00,5.04025e-01,9.45528e-01,2.59184e-05,5.44461e-02
1.78500e+00,5.04200e-01,9.44070e-01,1.30432e-05,5.59168e-02
1.78500e+00,5.04375e-01,9.42950e-01,7.33888e-06,5.70432e-02
1.78500e+00,5.04550e-01,9.42104e-01,4.31302e-06,5.78918e-02
1.78500e+00,5.04725e-01,9.41479e-01,2.53889e-06,5.85185e-02
1.78500e+00,5.04900e-01,9.41033e-01,1.44315e-06,5.89654e-02
1.78500e+00,5.05075e-01,9.40734e-01,7.59462e-07,5.92657e-02
1.78500e+00,5.05250e-01,9.40553e-01,3.57894e-07,5.94469e-02
1.78500e+00,5.05425e-01,9.40466e-01,1.94745e-07,5.95338e-02
1.78500e+00,5.05600e-01,9.40446e-01,3.50305e-07,5.95541e-02
1.78500e+00,5.05775e-01,9.40439e-01,1.38203e-06,5.95594e-02
1.78500e+00,5.05950e-01,9.40217e-01,8.25482e-06,5.97743e-02
1.78500e+00,5.06125e-01,9.09135e-01,1.68204e-03,8.91827e-02
1.78500e+00,5.06300e-01,9.41951e-01,2.52124e-05,5.80241e-02
1.78500e+00,5.06475e-01,9.42132e-01,8.58604e-06,5.78594e-02
1.78500e+00,5.06650e-01,9.42396e-01,6.05815e-06,5.75978e-02
1.78500e+00,5.06825e-01,9.42619e-01,6.22141e-06,5.73749e-02
1.78500e+00,5.07000e-01,9.42542e-01,8.58833e-06,5.74498e-02
1.78500e+00,5.07175e-01,9.41297e-01,1.61469e-05,5.86872e-02
1.78500e+00,5.07350e-01,9.34560e-01,4.70802e-05,6.53933e-02
1.78500e+00,5.07525e-01,9.16407e-01,1.56074e-04,8.34373e-02
1.78500e+00,5.07700e-01,9.48418e-01,3.80892e-05,5.15440e-02
1.78500e+00,5.07875e-01,9.55768e-01,9.70316e-06,4.42227e-02
1.78500e+00,5.08050e-01,9.59121e-01,3.52497e-06,4.08753e-02
1.78500e+00,5.08225e-01,9.61656e-01,1.92432e-06,3.83420e-02
1.78500e+00,5.08400e-01,9.63519e-01,1.83019e-06,3.64791e-02
1.78500e+00,5.08575e-01,9.64627e-01,2.27985e-06,3.53709e-02
1.78500e+00,5.08750e-01,9.65044e-01,2.82316e-06,3.49536e-02
1.78500e+00,5.08925e-01,9.64968e-01,3.24232e-06,3.50292e-02
1.78500e+00,5.09100e-01,9.64622e-01,3.46360e-06,3.53746e-02
1.78500e+00,5.09275e-01,9.64179e-01,3.49314e-06,3.58173e-02
1.78500e+00,5.09450e-01,9.63744e-01,3.37007e-06,3.62531e-02
1.78500e+00,5.09625e-01,9.63365e-01,3.14034e-06,3.66322e-02
1.78500e+00,5.09800e-01,9.63057e-01,2.84608e-06,3.69404e-02
1.78500e+00,5.09975e-01,9.62814e-01,2.52299e-06,3.71830e-02
1.78500e+00,5.10150e-01,9.62622e-01,2.20126e-06,3.73762e-02
1.78500e+00,5.10325e-01,9.62457e-01,1.90790e-06,3.75415e-02
1.78500e+00,5.10500e-01,9.62294e-01,1.66972e-06,3.77043e-02
1.78500e+00,5.10675e-01,9.62104e-01,1.51766e-06,3.78940e-02
1.78500e+00,5.10850e-01,9.61853e-01,1.49366e-06,3.81455e-02
1.78500e+00,5.11025e-01,9.61495e-01,1.66353e-06,3.85035e-02
1.78500e+00,5.11200e-01,9.60967e-01,2.14417e-06,3.90308e-02
1.78500e+00,5.11375e-01,9.60172e-01,3.16832e-06,3.98248e-02
1.78500e+00,5.11550e-01,9.58935e-01,5.26247e-06,4.10593e-02
1.78500e+00,5.11725e-01,9.56889e-01,9.83624e-06,4.31012e-02
1.78500e+00,5.11900e-01,9.53037e-01,2.17588e-05,4.69416e-02
1.78500e+00,5.12075e-01,9.43341e-01,6.74912e-05,5.65918e-02
1.78500e+00,5.12250e-01,8.90495e-01,5.60093e-04,1.08945e-01
1.78500e+00,5.12425e-01,9.68642e-01,3.67568e-04,3.09905e-02
1.78500e+00,5.12600e-01,9.71501e-01,6.69985e-05,2.84324e-02
1.78500e+00,5.12775e-01,9.68459e-01,2.79474e-05,3.15130e-02
1.78500e+00,5.12950e-01,9.66862e-01,1.62286e-05,3.31215e-02
1.78500e+00,5.13125e-01,9.66517e-01,1.13511e-05,3.34717e-02
1.78500e+00,5.13300e-01,9.67259e-01,8.91714e-06,3.27324e-02
1.78500e+00,5.13475e-01,9.68829e-01,7.51806e-06,3.11632e-02
1.78500e+00,5.13650e-01,9.70853e-01,6.62379e-06,2.91402e-02
1.78500e+00,5.13825e-01,9.72951e-01,6.05345e-06,2.70434e-02
1.78500e+00,5.14000e-01,9.74835e-01,5.79929e-06,2.51591e-02
1.79000e+00,5.00000e-01,9.32361e-01,1.09859e-06,6.76376e-02
1.79000e+00,5.00175e-01,9.31978e-01,1.00895e-06,6.80205e-02
1.79000e+00,5.00350e-01,9.31727e-01,8.92614e-07,6.82720e-02
1.79000e+00,5.00525e-01,9.31496e-01,7.40601e-07,6.85034e-02
1.79000e+00,5.00700e-01,9.31051e-01,5.40386e-07,6.89485e-02
1.79000e+00,5.00875e-01,9.29837e-01,3.03077e-07,7.01626e-02
1.79000e+00,5.01050e-01,9.27444e-01,4.49881e-07,7.25560e-02
1.79000e+00,5.01225e-01,9.34052e-01,2.26267e-06,6.59462e-02
1.79000e+00,5.01400e-01,9.40906e-01,2.16486e-06,5.90917e-02
1.79000e+00,5.01575e-01,9.42690e-01,1.64898e-06,5.73082e-02
1.79000e+00,5.01750e-01,9.43886e-01,1.29860e-06,5.61124e-02
1.79000e+00,5.01925e-01,9.45047e-01,1.04490e-06,5.49524e-02
1.79000e+00,5.02100e-01,9.46133e-01,8.49424e-07,5.38664e-02
1.79000e+00,5.02275e-01,9.47024e-01,7.07025e-07,5.29758e-02
1.79000e+00,5.02450e-01,9.47590e-01,6.37901e-07,5.24092e-02
1.79000e+00,5.02625e-01,9.47726e-01,6.88895e-07,5.22728e-02
1.79000e+00,5.02800e-01,9.47373e-01,9.41191e-07,5.26266e-02
1.79000e+00,5.02975e-01,9.46525e-01,1.52808e-06,5.34734e-02
1.79000e+00,5.03150e-01,9.45227e-01,2.67914e-06,5.47702e-02
1.79000e+00,5.03325e-01,9.43529e-01,4.84002e-06,5.64665e-02
1.79000e+00,5.03500e-01,9.41413e-01,9.03408e-06,5.85781e-02
1.79000e+00,5.03675e-01,9.38627e-01,1.81835e-05,6.13548e-02
1.79000e+00,5.03850e-01,9.34020e-01,4.38591e-05,6.59362e-02
1.79000e+00,5.04025e-01,9.19835e-01,1.70636e-04,7.99941e-02
1.79000e+00,5.04200e-01,7.65827e-01,6.76268e-03,2.27411e-01
1.79000e+00,5.04375e-01,9.47711e-01,1.46282e-04,5.21426e-02
1.79000e+00,5.04550e-01,9.45336e-01,3.46484e-05,5.46295e-02
1.79000e+00,5.04725e-01,9.43664e-01,1.32415e-05,5.63232e-02
1.79000e+00,5.04900e-01,9.42639e-01,5.97698e-06,5.73550e-02
1.79000e+00,5.05075e-01,9.42004e-01,2.83947e-06,5.79935e-02
1.79000e+00,5.05250e-01,9.41625e-01,1.32091e-06,5.83737e-02
1.79000e+00,5.05425e-01,9.41431e-01,5.58954e-07,5.85684e-02
1.79000e+00,5.05600e-01,9.41379e-01,1.94856e-07,5.86210e-02
1.79000e+00,5.05775e-01,9.41441e-01,6.26137e-08,5.85589e-02
1.79000e+00,5.05950e-01,9.41599e-01,8.96689e-08,5.84010e-02
1.79000e+00,5.06125e-01,9.41837e-01,2.78519e-07,5.81628e-02
1.79000e+00,5.06300e-01,9.42132e-01,7.88492e-07,5.78675e-02
1.79000e+00,5.06475e-01,9.42403e-01,2.58728e-06,5.75940e-02
1.79000e+00,5.06650e-01,9.41898e-01,1.96993e-05,5.80828e-02
1.79000e+00,5.06825e-01,9.43985e-01,1.11212e-04,5.59042e-02
1.79000e+00,5.07000e-01,9.45540e-01,9.81695e-06,5.44497e-02
1.79000e+00,5.07175e-01,9.46476e-01,5.39306e-06,5.35185e-02
1.79000e+00,5.07350e-01,9.47658e-01,5.11316e-06,5.23371e-02
1.79000e+00,5.07525e-01,9.48982e-01,6.58587e-06,5.10110e-02
1.79000e+00,5.07700e-01,9.50119e-01,1.06746e-05,4.98699e-02
1.79000e+00,5.07875e-01,9.49689e-01,2.26041e-05,5.02887e-02
1.79000e+00,5.08050e-01,9.39413e-01,7.66487e-05,6.05106e-02
1.79000e+00,5.08225e-01,9.36909e-01,1.08124e-04,6.29831e-02
1.79000e+00,5.08400e-01,9.59022e-01,2.23172e-05,4.09562e-02
1.79000e+00,5.08575e-01,9.63205e-01,9.08887e-06,3.67861e-02
1.79000e+00,5.08750e-01,9.64448e-01,5.86198e-06,3.55461e-02
1.79000e+00,5.08925e-01,9.64708e-01,4.66962e-06,3.52877e-02
1.79000e+00,5.09100e-01,9.64533e-01,4.01034e-06,3.54632e-02
1.79000e+00,5.09275e-01,9.64189e-01,3.50765e-06,3.58071e-02
1.79000e+00,5.09450e-01,9.63818e-01,3.06194e-06,3.61791e-02
1.79000e+00,5.09625e-01,9.63485e-01,2.65132e-06,3.65126e-02
1.79000e+00,5.09800e-01,9.63214e-01,2.27498e-06,3.67838e-02
1.79000e+00,5.09975e-01,9.63006e-01,1.93654e-06,3.69921e-02
1.79000e+00,5.10150e-01,9.62849e-01,1.63944e-06,3.71490e-02
1.79000e+00,5.10325e-01,9.62727e-01,1.38630e-06,3.72719e-02
1.79000e+00,5.10500e-01,9.62618e-01,1.17933e-06,3.73811e-02
1.79000e+00,5.10675e-01,9.62500e-01,1.02099e-06,3.74989e-02
1.79000e+00,5.10850e-01,9.62349e-01,9.14893e-07,3.76498e-02
1.79000e+00,5.11025e-01,9.62138e-01,8.66862e-07,3.78610e-02
1.79000e+00,5.11200e-01,9.61835e-01,8.86442e-07,3.81639e-02
1.79000e+00,5.11375e-01,9.61403e-01,9.89419e-07,3.85964e-02
1.79000e+00,5.11550e-01,9.60793e-01,1.20238e-06,3.92058e-02
1.79000e+00,5.11725e-01,9.59945e-01,1.57179e-06,4.00534e-02
1.79000e+00,5.11900e-01,9.58774e-01,2.18401e-06,4.12238e-02
1.79000e+00,5.12075e-01,9.57154e-01,3.21474e-06,4.28426e-02
1.79000e+00,5.12250e-01,9.54871e-01,5.07124e-06,4.51237e-02
1.79000e+00,5.12425e-01,9.51470e-01,8.89319e-06,4.85208e-02
1.79000e+00,5.12600e-01,9.45644e-01,1.89438e-05,5.43373e-02
1.79000e+00,5.12775e-01,9.31811e-01,6.17264e-05,6.81275e-02
1.79000e+00,5.12950e-01,9.08111e-01,3.98017e-04,9.14910e-02
1.79000e+00,5.13125e-01,9.75197e-01,9.70951e-05,2.47060e-02
1.79000e+00,5.13300e-01,9.72329e-01,2.96224e-05,2.76414e-02
1.79000e+00,5.13475e-01,9.71304e-01,1.53965e-05,2.86806e-02
1.79000e+00,5.13650e-01,9.72036e-01,1.01580e-05,2.79535e-02
1.79000e+00,5.13825e-01,9.73501e-01,7.58051e-06,2.64919e-02
1.79000e+00,5.14000e-01,9.75118e-01,6.09894e-06,2.48758e-02
1.79500e+00,5.00000e-01,9.33297e-01,1.75714e-06,6.67015e-02
1.79500e+00,5.00175e-01,9.33097e-01,1.68092e-06,6.69009e-02
1.79500e+00,5.00350e-01,9.33135e-01,1.58909e-06,6.68633e-02
1.79500e+00,5.00525e-01,9.33389e-01,1.48316e-06,6.66100e-02
1.79500e+00,5.00700e-01,9.33832e-01,1.36379e-06,6.61668e-02
1.79500e+00,5.00875e-01,9.34430e-01,1.22985e-06,6.55685e-02
1.79500e+00,5.01050e-01,9.35129e-01,1.07644e-06,6.48703e-02
1.79500e+00,5.01225e-01,9.35823e-01,8.90788e-07,6.41761e-02
1.79500e+00,5.01400e-01,9.36283e-01,6.43406e-07,6.37166e-02
1.79500e+00,5.01575e-01,9.35966e-01,2.90426e-07,6.40337e-02
1.79500e+00,5.01750e-01,9.35504e-01,2.34024e-07,6.44957e-02
1.79500e+00,5.01925e-01,9.41842e-01,1.34909e-06,5.81564e-02
1.79500e+00,5.02100e-01,9.45275e-01,1.48332e-06,5.47236e-02
1.79500e+00,5.02275e-01,9.46573e-01,1.38548e-06,5.34251e-02
1.79500e+00,5.02450e-01,9.47254e-01,1.34405e-06,5.27443e-02
1.79500e+00,5.02625e-01,9.47482e-01,1.39911e-06,5.25169e-02
1.79500e+00,5.02800e-01,9.47253e-01,1.57909e-06,5.27452e-02
1.79500e+00,5.02975e-01,9.46591e-01,1.92059e-06,5.34066e-02
1.79500e+00,5.03150e-01,9.45569e-01,2.46990e-06,5.44289e-02
1.79500e+00,5.03325e-01,9.44290e-01,3.28829e-06,5.57070e-02
1.79500e+00,5.03500e-01,9.42862e-01,4.46770e-06,5.71338e-02
1.79500e+00,5.03675e-01,9.41365e-01,6.16675e-06,5.86293e-02
1.79500e+00,5.03850e-01,9.39828e-01,8.69340e-06,6.01636e-02
1.79500e+00,5.04025e-01,9.38203e-01,1.27186e-05,6.17842e-02
1.79500e+00,5.04200e-01,9.36298e-01,1.99435e-05,6.36819e-02
1.79500e+00,5.04375e-01,9.33519e-01,3.58393e-05,6.64451e-02
1.79500e+00,5.04550e-01,9.27386e-01,8.75984e-05,7.25261e-02
1.79500e+00,5.04725e-01,8.88860e-01,5.60065e-04,1.10580e-01
1.79500e+00,5.04900e-01,9.46961e-01,4.79371e-04,5.25597e-02
1.79500e+00,5.05075e-01,9.46716e-01,4.73584e-05,5.32367e-02
1.79500e+00,5.05250e-01,9.44506e-01,1.28900e-05,5.54812e-02
1.79500e+00,5.05425e-01,9.43409e-01,4.63458e-06,5.65863e-02
1.79500e+00,5.05600e-01,9.42867e-01,1.84004e-06,5.71313e-02
1.79500e+00,5.05775e-01,9.42645e-01,7.58092e-07,5.73538e-02
1.79500e+00,5.05950e-01,9.42639e-01,3.36049e-07,5.73602e-02
1.79500e+00,5.06125e-01,9.42797e-01,1.99508e-07,5.72024e-02
1.79500e+00,5.06300e-01,9.43095e-01,1.98611e-07,5.69051e-02
1.79500e+00,5.06475e-01,9.43523e-01,2.78814e-07,5.64769e-02
1.79500e+00,5.06650e-01,9.44083e-01,4.49734e-07,5.59168e-02
1.79500e+00,5.06825e-01,9.44779e-01,8.25457e-07,5.52197e-02
1.79500e+00,5.07000e-01,9.45601e-01,1.90866e-06,5.43972e-02
1.79500e+00,5.07175e-01,9.46379e-01,7.16240e-06,5.36135e-02
1.79500e+00,5.07350e-01,9.40893e-01,2.01252e-04,5.89057e-02
1.79500e+00,5.07525e-01,9.50976e-01,3.35621e-05,4.89907e-02
1.79500e+00,5.07700e-01,9.53022e-01,8.39468e-06,4.69695e-02
1.79500e+00,5.07875e-01,9.55326e-01,5.11083e-06,4.46689e-02
1.79500e+00,5.08050e-01,9.57675e-01,4.56911e-06,4.23202e-02
1.79500e+00,5.08225e-01,9.59570e-01,5.29171e-06,4.04243e-02
1.79500e+00,5.08400e-01,9.60120e-01,7.95682e-06,3.98725e-02
1.79500e+00,5.08575e-01,9.56484e-01,1.82127e-05,4.34981e-02
1.79500e+00,5.08750e-01,9.30578e-01,8.03095e-05,6.93413e-02
1.79500e+00,5.08925e-01,9.50153e-01,4.18767e-05,4.98056e-02
1.79500e+00,5.09100e-01,9.61482e-01,1.26629e-05,3.85052e-02
1.79500e+00,5.09275e-01,9.63234e-01,6.49275e-06,3.67594e-02
1.79500e+00,5.09450e-01,9.63496e-01,4.23606e-06,3.64993e-02
1.79500e+00,5.09625e-01,9.63415e-01,3.10180e-06,3.65815e-02
1.79500e+00,5.09800e-01,9.63263e-01,2.41256e-06,3.67344e-02
1.79500e+00,5.09975e-01,9.63119e-01,1.94180e-06,3.68788e-02
1.79500e+00,5.10150e-01,9.63003e-01,1.59641e-06,3.69953e-02
1.79500e+00,5.10325e-01,9.62912e-01,1.33213e-06,3.70868e-02
1.79500e+00,5.10500e-01,9.62833e-01,1.12557e-06,3.71659e-02
1.79500e+00,5.10675e-01,9.62750e-01,9.63335e-07,3.72494e-02
1.79500e+00,5.10850e-01,9.62642e-01,8.37309e-07,3.73571e-02
1.79500e+00,5.11025e-01,9.62489e-01,7.42431e-07,3.75107e-02
1.79500e+00,5.11200e-01,9.62265e-01,6.75515e-07,3.77341e-02
1.79500e+00,5.11375e-01,9.61945e-01,6.34598e-07,3.80539e-02
1.79500e+00,5.11550e-01,9.61500e-01,6.18514e-07,3.84991e-02
1.79500e+00,5.11725e-01,9.60899e-01,6.26529e-07,3.91003e-02
1.79500e+00,5.11900e-01,9.60113e-01,6.57896e-07,3.98867e-02
1.79500e+00,5.12075e-01,9.59120e-01,7.11215e-07,4.08798e-02
1.79500e+00,5.12250e-01,9.57920e-01,7.83544e-07,4.20797e-02
1.79500e+00,5.12425e-01,9.56556e-01,8.69625e-07,4.34432e-02
1.79500e+00,5.12600e-01,9.55143e-01,9.63180e-07,4.48562e-02
1.79500e+00,5.12775e-01,9.53877e-01,1.06710e-06,4.61218e-02
1.79500e+00,5.12950e-01,9.52979e-01,1.23523e-06,4.70198e-02
1.79500e+00,5.13125e-01,9.52466e-01,1.73723e-06,4.75321e-02
1.79500e+00,5.13300e-01,9.51561e-01,3.93596e-06,4.84346e-02
1.79500e+00,5.13475e-01,9.46221e-01,1.93462e-05,5.37592e-02
1.79500e+00,5.13650e-01,9.54397e-01,1.46794e-04,4.54560e-02
1.79500e+00,5.13825e-01,9.77067e-01,2.90377e-05,2.29044e-02
1.79500e+00,5.14000e-01,9.76618e-01,1.15824e-05,2.33702e-02
1.80000e+00,5.00000e-01,9.33818e-01,2.80674e-06,6.61790e-02
1.80000e+00,5.00175e-01,9.33640e-01,2.66631e-06,6.63574e-02
1.80000e+00,5.00350e-01,9.33715e-01,2.52391e-06,6.62827e-02
1.80000e+00,5.00525e-01,9.34027e-01,2.38416e-06,6.59701e-02
1.80000e+00,5.00700e-01,9.34563e-01,2.25125e-06,6.54351e-02
1.80000e+00,5.00875e-01,9.35304e-01,2.12897e-06,6.46937e-02
1.80000e+00,5.01050e-01,9.36234e-01,2.02062e-06,6.37640e-02
1.80000e+00,5.01225e-01,9.37328e-01,1.92909e-06,6.26700e-02
1.80000e+00,5.01400e-01,9.38553e-01,1.85693e-06,6.14451e-02
1.80000e+00,5.01575e-01,9.39858e-01,1.80694e-06,6.01406e-02
1.80000e+00,5.01750e-01,9.41160e-01,1.78191e-06,5.88386e-02
1.80000e+00,5.01925e-01,9.42314e-01,1.78284e-06,5.76837e-02
1.80000e+00,5.02100e-01,9.43014e-01,1.79287e-06,5.69847e-02
1.80000e+00,5.02275e-01,9.42453e-01,1.65760e-06,5.75451e-02
1.80000e+00,5.02450e-01,9.41299e-01,8.86844e-07,5.87003e-02
1.80000e+00,5.02625e-01,9.44559e-01,1.01848e-06,5.54402e-02
1.80000e+00,5.02800e-01,9.45898e-01,1.56448e-06,5.41008e-02
1.80000e+00,5.02975e-01,9.45835e-01,2.03649e-06,5.41626e-02
1.80000e+00,5.03150e-01,9.45156e-01,2.51923e-06,5.48419e-02
1.80000e+00,5.03325e-01,9.44150e-01,3.06088e-06,5.58468e-02
1.80000e+00,5.03500e-01,9.42991e-01,3.68637e-06,5.70051e-02
1.80000e+00,5.03675e-01,9.41798e-01,4.41688e-06,5.81975e-02
1.80000e+00,5.03850e-01,9.40648e-01,5.28185e-06,5.93472e-02
1.80000e+00,5.04025e-01,9.39577e-01,6.33145e-06,6.04168e-02
1.80000e+00,5.04200e-01,9.38588e-01,7.65640e-06,6.14040e-02
1.80000e+00,5.04375e-01,9.37651e-01,9.42864e-06,6.23395e-02
1.80000e+00,5.04550e-01,9.36693e-01,1.19994e-05,6.32952e-02
1.80000e+00,5.04725e-01,9.35566e-01,1.61769e-05,6.44181e-02
1.80000e+00,5.04900e-01,9.33925e-01,2.42043e-05,6.60512e-02
1.80000e+00,5.05075e-01,9.30688e-01,4.46305e-05,6.92671e-02
1.80000e+00,5.05250e-01,9.19712e-01,1.40697e-04,8.01472e-02
1.80000e+00,5.05425e-01,6.40594e-01,6.69628e-03,3.52710e-01
1.80000e+00,5.05600e-01,9.49924e-01,8.41085e-05,4.99923e-02
1.80000e+00,5.05775e-01,9.46587e-01,1.64159e-05,5.33962e-02
1.80000e+00,5.05950e-01,9.45161e-01,5.66279e-06,5.48335e-02
1.80000e+00,5.06125e-01,9.44603e-01,2.56384e-06,5.53948e-02
1.80000e+00,5.06300e-01,9.44498e-01,1.41411e-06,5.55007e-02
1.80000e+00,5.06475e-01,9.44688e-01,9.21185e-07,5.53107e-02
1.80000e+00,5.06650e-01,9.45112e-01,6.85824e-07,5.48871e-02
1.80000e+00,5.06825e-01,9.45753e-01,5.64808e-07,5.42462e-02
1.80000e+00,5.07000e-01,9.46622e-01,5.11338e-07,5.33773e-02
1.80000e+00,5.07175e-01,9.47748e-01,5.35966e-07,5.22516e-02
1.80000e+00,5.07350e-01,9.49168e-01,7.29769e-07,5.08317e-02
1.80000e+00,5.07525e-01,9.50906e-01,1.42576e-06,4.90922e-02
1.80000e+00,5.07700e-01,9.52913e-01,4.18843e-06,4.70828e-02
1.80000e+00,5.07875e-01,9.54629e-01,2.53076e-05,4.53460e-02
1.80000e+00,5.08050e-01,9.44708e-01,1.04820e-03,5.42435e-02
1.80000e+00,5.08225e-01,9.60971e-01,2.13838e-05,3.90073e-02
1.80000e+00,5.08400e-01,9.62757e-01,7.30020e-06,3.72361e-02
1.80000e+00,5.08575e-01,9.63685e-01,4.27366e-06,3.63112e-02
1.80000e+00,5.08750e-01,9.63697e-01,3.55017e-06,3.62991e-02
1.80000e+00,5.08925e-01,9.62692e-01,4.23377e-06,3.73035e-02
1.80000e+00,5.09100e-01,9.59853e-01,7.80825e-06,4.01389e-02
1.80000e+00,5.09275e-01,9.49235e-01,2.63937e-05,5.07390e-02
1.80000e+00,5.09450e-01,9.21318e-01,9.49644e-05,7.85872e-02
1.80000e+00,5.09625e-01,9.56172e-01,2.36203e-05,4.38048e-02
1.80000e+00,5.09800e-01,9.61619e-01,8.70254e-06,3.83721e-02
1.80000e+00,5.09975e-01,9.62662e-01,4.66888e-06,3.73329e-02
1.80000e+00,5.10150e-01,9.62924e-01,3.00228e-06,3.70732e-02
1.80000e+00,5.10325e-01,9.62984e-01,2.13057e-06,3.70138e-02
1.80000e+00,5.10500e-01,9.62979e-01,1.60406e-06,3.70197e-02
1.80000e+00,5.10675e-01,9.62940e-01,1.25506e-06,3.70591e-02
1.80000e+00,5.10850e-01,9.62867e-01,1.00918e-06,3.71318e-02
1.80000e+00,5.11025e-01,9.62749e-01,8.29056e-07,3.72500e-02
1.80000e+00,5.11200e-01,9.62568e-01,6.94054e-07,3.74315e-02
1.80000e+00,5.11375e-01,9.62302e-01,5.91843e-07,3.76976e-02
1.80000e+00,5.11550e-01,9.61928e-01,5.14486e-07,3.80715e-02
1.80000e+00,5.11725e-01,9.61424e-01,4.56446e-07,3.85758e-02
1.80000e+00,5.11900e-01,9.60770e-01,4.13450e-07,3.92292e-02
1.80000e+00,5.12075e-01,9.59962e-01,3.81743e-07,4.00375e-02
1.80000e+00,5.12250e-01,9.59020e-01,3.57535e-07,4.09793e-02
1.80000e+00,5.12425e-01,9.58017e-01,3.36589e-07,4.19826e-02
1.80000e+00,5.12600e-01,9.57103e-01,3.14154e-07,4.28963e-02
1.80000e+00,5.12775e-01,9.56525e-01,2.85685e-07,4.34752e-02
1.80000e+00,5.12950e-01,9.56584e-01,2.49008e-07,4.34162e-02
1.80000e+00,5.13125e-01,9.57521e-01,2.08084e-07,4.24791e-02
1.80000e+00,5.13300e-01,9.59351e-01,1.77917e-07,4.06486e-02
1.80000e+00,5.13475e-01,9.61797e-01,1.93080e-07,3.82030e-02
1.80000e+00,5.13650e-01,9.64378e-01,3.39107e-07,3.56214e-02
1.80000e+00,5.13825e-01,9.66518e-01,9.08566e-07,3.34809e-02
1.80000e+00,5.14000e-01,9.67188e-01,3.51334e-06,3.28087e-02
1.80500e+00,5.00000e-01,9.34264e-01,4.56280e-06,6.57310e-02
1.80500e+00,5.00175e-01,9.34061e-01,4.14083e-06,6.59350e-02
1.80500e+00,5.00350e-01,9.34118e-01,3.79402e-06,6.58787e-02
1.80500e+00,5.00525e-01,9.34419e-01,3.50282e-06,6.55774e-02
1.80500e+00,5.00700e-01,9.34951e-01,3.25740e-06,6.50458e-02
1.80500e+00,5.00875e-01,9.35698e-01,3.05256e-06,6.42988e-02
1.80500e+00,5.01050e-01,9.36645e-01,2.88555e-06,6.33524e-02
1.80500e+00,5.01225e-01,9.37771e-01,2.75517e-06,6.22266e-02
1.80500e+00,5.01400e-01,9.39049e-01,2.66133e-06,6.09480e-02
1.80500e+00,5.01575e-01,9.40443e-01,2.60508e-06,5.95540e-02
1.80500e+00,5.01750e-01,9.41900e-01,2.58893e-06,5.80975e-02
1.80500e+00,5.01925e-01,9.43346e-01,2.61750e-06,5.66509e-02
1.80500e+00,5.02100e-01,9.44690e-01,2.69905e-06,5.53076e-02
1.80500e+00,5.02275e-01,9.45817e-01,2.84830e-06,5.41804e-02
1.80500e+00,5.02450e-01,9.46597e-01,3.09427e-06,5.33994e-02
1.80500e+00,5.02625e-01,9.46858e-01,3.50274e-06,5.31386e-02
1.80500e+00,5.02800e-01,9.46164e-01,4.24198e-06,5.38320e-02
1.80500e+00,5.02975e-01,9.42728e-01,5.48134e-06,5.72667e-02
1.80500e+00,5.03150e-01,9.38731e-01,4.54428e-06,6.12648e-02
1.80500e+00,5.03325e-01,9.40801e-01,3.26755e-06,5.91956e-02
1.80500e+00,5.03500e-01,9.41361e-01,3.29525e-06,5.86353e-02
1.80500e+00,5.03675e-01,9.40987e-01,3.58087e-06,5.90098e-02
1.80500e+00,5.03850e-01,9.40325e-01,3.92381e-06,5.96708e-02
1.80500e+00,5.04025e-01,9.39617e-01,4.29524e-06,6.03789e-02
1.80500e+00,5.04200e-01,9.38954e-01,4.70012e-06,6.10416e-02
1.80500e+00,5.04375e-01,9.38367e-01,5.15697e-06,6.16280e-02
1.80500e+00,5.04550e-01,9.37856e-01,5.69806e-06,6.21380e-02
1.80500e+00,5.04725e-01,9.37403e-01,6.37762e-06,6.25907e-02
1.80500e+00,5.04900e-01,9.36971e-01,7.29141e-06,6.30215e-02
1.80500e+00,5.05075e-01,9.36503e-01,8.62273e-06,6.34886e-02
1.80500e+00,5.05250e-01,9.35895e-01,1.07643e-05,6.40947e-02
1.80500e+00,5.05425e-01,9.34931e-01,1.47039e-05,6.50544e-02
1.80500e+00,5.05600e-01,9.33040e-01,2.36207e-05,6.69363e-02
1.80500e+00,5.05775e-01,9.27967e-01,5.35003e-05,7.19798e-02
1.80500e+00,5.05950e-01,8.95898e-01,3.68296e-04,1.03733e-01
1.80500e+00,5.06125e-01,9.52581e-01,2.78642e-04,4.71399e-02
1.80500e+00,5.06300e-01,9.50192e-01,3.08192e-05,4.97770e-02
1.80500e+00,5.06475e-01,9.48032e-01,1.00791e-05,5.19578e-02
1.80500e+00,5.06650e-01,9.47367e-01,4.78971e-06,5.26281e-02
1.80500e+00,5.06825e-01,9.47420e-01,2.74895e-06,5.25775e-02
1.80500e+00,5.07000e-01,9.47937e-01,1.73696e-06,5.20616e-02
1.80500e+00,5.07175e-01,9.48839e-01,1.12850e-06,5.11596e-02
1.80500e+00,5.07350e-01,9.50119e-01,7.05471e-07,4.98807e-02
1.80500e+00,5.07525e-01,9.51790e-01,3.92383e-07,4.82092e-02
1.80500e+00,5.07700e-01,9.53855e-01,1.87920e-07,4.61450e-02
1.80500e+00,5.07875e-01,9.56246e-01,1.63406e-07,4.37542e-02
1.80500e+00,5.08050e-01,9.58776e-01,5.30313e-07,4.12235e-02
1.80500e+00,5.08225e-01,9.61123e-01,1.98083e-06,3.88753e-02
1.80500e+00,5.08400e-01,9.62871e-01,8.29480e-06,3.71203e-02
1.80500e+00,5.08575e-01,9.62309e-01,1.06496e-04,3.75845e-02
1.80500e+00,5.08750e-01,9.63203e-01,8.12279e-05,3.67153e-02
1.80500e+00,5.08925e-01,9.64151e-01,1.18415e-05,3.58374e-02
1.80500e+00,5.09100e-01,9.63677e-01,5.52629e-06,3.63179e-02
1.80500e+00,5.09275e-01,9.62862e-01,4.21549e-06,3.71337e-02
1.80500e+00,5.09450e-01,9.61719e-01,4.61372e-06,3.82767e-02
1.80500e+00,5.09625e-01,9.59826e-01,7.01637e-06,4.01670e-02
1.80500e+00,5.09800e-01,9.55154e-01,1.57993e-05,4.48300e-02
1.80500e+00,5.09975e-01,9.34044e-01,6.52995e-05,6.58906e-02
1.80500e+00,5.10150e-01,9.39789e-01,6.71050e-05,6.01436e-02
1.80500e+00,5.10325e-01,9.59392e-01,1.50579e-05,4.05931e-02
1.80500e+00,5.10500e-01,9.62170e-01,5.87200e-06,3.78237e-02
1.80500e+00,5.10675e-01,9.62817e-01,3.05411e-06,3.71798e-02
1.80500e+00,5.10850e-01,9.62981e-01,1.85092e-06,3.70173e-02
1.80500e+00,5.11025e-01,9.62967e-01,1.23130e-06,3.70320e-02
1.80500e+00,5.11200e-01,9.62845e-01,8.73516e-07,3.71544e-02
1.80500e+00,5.11375e-01,9.62624e-01,6.51743e-07,3.73750e-02
1.80500e+00,5.11550e-01,9.62296e-01,5.08741e-07,3.77035e-02
1.80500e+00,5.11725e-01,9.61844e-01,4.15606e-07,3.81556e-02
1.80500e+00,5.11900e-01,9.61255e-01,3.56820e-07,3.87444e-02
1.80500e+00,5.12075e-01,9.60528e-01,3.24056e-07,3.94717e-02
1.80500e+00,5.12250e-01,9.59687e-01,3.13426e-07,4.03124e-02
1.80500e+00,5.12425e-01,9.58806e-01,3.24133e-07,4.11936e-02
1.80500e+00,5.12600e-01,9.58032e-01,3.57490e-07,4.19680e-02
1.80500e+00,5.12775e-01,9.57599e-01,4.15526e-07,4.24010e-02
1.80500e+00,5.12950e-01,9.57794e-01,4.98818e-07,4.22056e-02
1.80500e+00,5.13125e-01,9.58849e-01,6.04261e-07,4.11508e-02
1.80500e+00,5.13300e-01,9.60792e-01,7.25037e-07,3.92073e-02
1.80500e+00,5.13475e-01,9.63395e-01,8.54460e-07,3.66042e-02
1.80500e+00,5.13650e-01,9.66275e-01,9.92156e-07,3.37245e-02
1.80500e+00,5.13825e-01,9.69070e-01,1.14987e-06,3.09292e-02
1.80500e+00,5.14000e-01,9.71546e-01,1.35898e-06,2.84524e-02
1.81000e+00,5.00000e-01,9.34740e-01,1.19167e-05,6.52476e-02
1.81000e+00,5.00175e-01,9.34518e-01,8.24546e-06,6.54741e-02
1.81000e+00,5.00350e-01,9.34530e-01,6.59251e-06,6.54634e-02
1.81000e+00,5.00525e-01,9.34789e-01,5.59809e-06,6.52058e-02
1.81000e+00,5.00700e-01,9.35283e-01,4.90851e-06,6.47123e-02
1.81000e+00,5.00875e-01,9.35998e-01,4.39390e-06,6.39975e-02
1.81000e+00,5.01050e-01,9.36918e-01,3.99570e-06,6.30780e-02
1.81000e+00,5.01225e-01,9.38022e-01,3.68364e-06,6.19742e-02
1.81000e+00,5.01400e-01,9.39284e-01,3.44048e-06,6.07126e-02
1.81000e+00,5.01575e-01,9.40667e-01,3.25563e-06,5.93302e-02
1.81000e+00,5.01750e-01,9.42118e-01,3.12215e-06,5.78786e-02
1.81000e+00,5.01925e-01,9.43569e-01,3.03529e-06,5.64276e-02
1.81000e+00,5.02100e-01,9.44931e-01,2.99167e-06,5.50661e-02
1.81000e+00,5.02275e-01,9.46100e-01,2.98901e-06,5.38967e-02
1.81000e+00,5.02450e-01,9.46974e-01,3.02630e-06,5.30231e-02
1.81000e+00,5.02625e-01,9.47467e-01,3.10472e-06,5.25299e-02
1.81000e+00,5.02800e-01,9.47534e-01,3.23058e-06,5.24627e-02
1.81000e+00,5.02975e-01,9.47174e-01,3.42239e-06,5.28226e-02
1.81000e+00,5.03150e-01,9.46398e-01,3.73193e-06,5.35987e-02
1.81000e+00,5.03325e-01,9.45077e-01,4.31601e-06,5.49183e-02
1.81000e+00,5.03500e-01,9.42207e-01,5.70124e-06,5.77873e-02
1.81000e+00,5.03675e-01,9.34309e-01,8.25542e-06,6.56825e-02
1.81000e+00,5.03850e-01,9.33335e-01,6.01046e-06,6.66586e-02
1.81000e+00,5.04025e-01,9.36532e-01,4.23559e-06,6.34642e-02
1.81000e+00,5.04200e-01,9.37565e-01,3.79850e-06,6.24316e-02
1.81000e+00,5.04375e-01,9.37787e-01,3.71883e-06,6.22093e-02
1.81000e+00,5.04550e-01,9.37757e-01,3.75677e-06,6.22391e-02
1.81000e+00,5.04725e-01,9.37660e-01,3.85128e-06,6.23359e-02
1.81000e+00,5.04900e-01,9.37559e-01,3.98921e-06,6.24366e-02
1.81000e+00,5.05075e-01,9.37472e-01,4.17716e-06,6.25243e-02
1.81000e+00,5.05250e-01,9.37391e-01,4.43739e-06,6.26043e-02
1.81000e+00,5.05425e-01,9.37298e-01,4.81432e-06,6.26969e-02
1.81000e+00,5.05600e-01,9.37155e-01,5.39442e-06,6.28399e-02
1.81000e+00,5.05775e-01,9.36891e-01,6.35802e-06,6.31029e-02
1.81000e+00,5.05950e-01,9.36364e-01,8.13095e-06,6.36275e-02
1.81000e+00,5.06125e-01,9.35231e-01,1.19340e-05,6.47570e-02
1.81000e+00,5.06300e-01,9.32392e-01,2.26088e-05,6.75854e-02
1.81000e+00,5.06475e-01,9.21773e-01,7.78290e-05,7.81495e-02
1.81000e+00,5.06650e-01,7.84670e-01,2.78706e-03,2.12542e-01
1.81000e+00,5.06825e-01,9.55526e-01,5.19242e-05,4.44216e-02
1.81000e+00,5.07000e-01,9.52368e-01,1.36116e-05,4.76187e-02
1.81000e+00,5.07175e-01,9.51584e-01,5.78242e-06,4.84102e-02
1.81000e+00,5.07350e-01,9.51982e-01,2.94487e-06,4.80146e-02
1.81000e+00,5.07525e-01,9.53121e-01,1.55934e-06,4.68774e-02
1.81000e+00,5.07700e-01,9.54828e-01,7.60764e-07,4.51712e-02
1.81000e+00,5.07875e-01,9.56967e-01,2.81346e-07,4.30327e-02
1.81000e+00,5.08050e-01,9.59326e-01,3.94726e-08,4.06738e-02
1.81000e+00,5.08225e-01,9.61584e-01,1.94107e-08,3.84163e-02
1.81000e+00,5.08400e-01,9.63384e-01,2.27797e-07,3.66162e-02
1.81000e+00,5.08575e-01,9.64493e-01,7.06868e-07,3.55060e-02
1.81000e+00,5.08750e-01,9.64906e-01,1.66871e-06,3.50925e-02
1.81000e+00,5.08925e-01,9.64790e-01,4.17731e-06,3.52055e-02
1.81000e+00,5.09100e-01,9.64304e-01,1.71726e-05,3.56791e-02
1.81000e+00,5.09275e-01,8.48991e-01,7.82197e-03,1.43187e-01
1.81000e+00,5.09450e-01,9.62343e-01,2.72205e-05,3.76294e-02
1.81000e+00,5.09625e-01,9.62196e-01,8.78239e-06,3.77953e-02
1.81000e+00,5.09800e-01,9.61667e-01,5.79396e-06,3.83267e-02
1.81000e+00,5.09975e-01,9.60935e-01,5.44300e-06,3.90599e-02
1.81000e+00,5.10150e-01,9.59754e-01,6.64624e-06,4.02395e-02
1.81000e+00,5.10325e-01,9.57232e-01,1.07099e-05,4.27571e-02
1.81000e+00,5.10500e-01,9.49056e-01,2.62094e-05,5.09181e-02
1.81000e+00,5.10675e-01,9.18037e-01,9.44944e-05,8.18686e-02
1.81000e+00,5.10850e-01,9.52594e-01,2.76707e-05,4.73782e-02
1.81000e+00,5.11025e-01,9.61272e-01,7.06030e-06,3.87211e-02
1.81000e+00,5.11200e-01,9.62664e-01,2.80319e-06,3.73329e-02
1.81000e+00,5.11375e-01,9.62861e-01,1.40288e-06,3.71378e-02
1.81000e+00,5.11550e-01,9.62685e-01,8.10324e-07,3.73139e-02
1.81000e+00,5.11725e-01,9.62308e-01,5.23399e-07,3.76917e-02
1.81000e+00,5.11900e-01,9.61770e-01,3.78126e-07,3.82297e-02
1.81000e+00,5.12075e-01,9.61089e-01,3.11786e-07,3.89104e-02
1.81000e+00,5.12250e-01,9.60297e-01,2.99596e-07,3.97028e-02
1.81000e+00,5.12425e-01,9.59465e-01,3.33632e-07,4.05345e-02
1.81000e+00,5.12600e-01,9.58734e-01,4.13762e-07,4.12652e-02
1.81000e+00,5.12775e-01,9.58327e-01,5.41362e-07,4.16724e-02
1.81000e+00,5.12950e-01,9.58518e-01,7.12889e-07,4.14811e-02
1.81000e+00,5.13125e-01,9.59534e-01,9.14650e-07,4.04646e-02
1.81000e+00,5.13300e-01,9.61417e-01,1.12339e-06,3.85820e-02
1.81000e+00,5.13475e-01,9.63959e-01,1.31506e-06,3.60395e-02
1.81000e+00,5.13650e-01,9.66800e-01,1.47591e-06,3.31988e-02
1.81000e+00,5.13825e-01,9.69590e-01,1.60703e-06,3.04088e-02
1.81000e+00,5.14000e-01,9.72102e-01,1.72127e-06,2.78962e-02
1.81500e+00,5.00000e-01,9.35586e-01,1.42943e-05,6.43999e-02
1.81500e+00,5.00175e-01,9.33464e-01,5.32090e-05,6.64824e-02
1.81500e+00,5.00350e-01,9.33095e-01,9.48532e-05,6.68098e-02
1.81500e+00,5.00525e-01,9.35146e-01,1.77401e-05,6.48360e-02
1.81500e+00,5.00700e-01,9.35668e-01,1.02309e-05,6.43216e-02
1.81500e+00,5.00875e-01,9.36337e-01,7.47135e-06,6.36554e-02
1.81500e+00,5.01050e-01,9.37206e-01,5.96991e-06,6.27885e-02
1.81500e+00,5.01225e-01,9.38262e-01,5.00251e-06,6.17330e-02
1.81500e+00,5.01400e-01,9.39481e-01,4.32687e-06,6.05145e-02
1.81500e+00,5.01575e-01,9.40826e-01,3.83658e-06,5.91703e-02
1.81500e+00,5.01750e-01,9.42244e-01,3.47540e-06,5.77522e-02
1.81500e+00,5.01925e-01,9.43667e-01,3.20919e-06,5.63298e-02
1.81500e+00,5.02100e-01,9.45005e-01,3.01487e-06,5.49916e-02
1.81500e+00,5.02275e-01,9.46157e-01,2.87561e-06,5.38401e-02
1.81500e+00,5.02450e-01,9.47018e-01,2.77838e-06,5.29790e-02
1.81500e+00,5.02625e-01,9.47505e-01,2.71296e-06,5.24927e-02
1.81500e+00,5.02800e-01,9.47573e-01,2.67122e-06,5.24244e-02
1.81500e+00,5.02975e-01,9.47235e-01,2.64702e-06,5.27623e-02
1.81500e+00,5.03150e-01,9.46556e-01,2.63621e-06,5.34415e-02
1.81500e+00,5.03325e-01,9.45632e-01,2.63708e-06,5.43657e-02
1.81500e+00,5.03500e-01,9.44558e-01,2.65176e-06,5.54391e-02
1.81500e+00,5.03675e-01,9.43387e-01,2.69071e-06,5.66101e-02
1.81500e+00,5.03850e-01,9.42039e-01,2.78836e-06,5.79582e-02
1.81500e+00,5.04025e-01,9.39976e-01,3.06696e-06,6.00207e-02
1.81500e+00,5.04200e-01,9.34779e-01,3.97188e-06,6.52169e-02
1.81500e+00,5.04375e-01,9.27364e-01,4.97564e-06,7.26313e-02
1.81500e+00,5.04550e-01,9.32222e-01,3.69207e-06,6.77747e-02
1.81500e+00,5.04725e-01,9.35406e-01,2.98919e-06,6.45906e-02
1.81500e+00,5.04900e-01,9.36637e-01,2.68970e-06,6.33607e-02
1.81500e+00,5.05075e-01,9.37206e-01,2.52039e-06,6.27916e-02
1.81500e+00,5.05250e-01,9.37538e-01,2.40138e-06,6.24599e-02
1.81500e+00,5.05425e-01,9.37778e-01,2.30888e-06,6.22199e-02
1.81500e+00,5.05600e-01,9.37980e-01,2.23882e-06,6.20181e-02
1.81500e+00,5.05775e-01,9.38161e-01,2.19806e-06,6.18372e-02
1.81500e+00,5.05950e-01,9.38318e-01,2.20462e-06,6.16793e-02
1.81500e+00,5.06125e-01,9.38436e-01,2.29415e-06,6.15622e-02
1.81500e+00,5.06300e-01,9.38471e-01,2.53821e-06,6.15266e-02
1.81500e+00,5.06475e-01,9.38337e-01,3.09470e-06,6.16603e-02
1.81500e+00,5.06650e-01,9.37826e-01,4.37197e-06,6.21693e-02
1.81500e+00,5.06825e-01,9.36355e-01,7.72571e-06,6.36373e-02
1.81500e+00,5.07000e-01,9.31594e-01,2.01886e-05,6.83859e-02
1.81500e+00,5.07175e-01,9.02750e-01,1.51241e-04,9.70987e-02
1.81500e+00,5.07350e-01,9.23940e-01,7.01049e-05,7.59895e-02
1.81500e+00,5.07525e-01,9.58056e-01,1.15339e-05,4.19326e-02
1.81500e+00,5.07700e-01,9.57557e-01,3.83171e-06,4.24390e-02
1.81500e+00,5.07875e-01,9.58529e-01,1.38999e-06,4.14692e-02
1.81500e+00,5.08050e-01,9.60227e-01,4.25769e-07,3.97730e-02
1.81500e+00,5.08225e-01,9.62092e-01,6.30851e-08,3.79075e-02
1.81500e+00,5.08400e-01,9.63665e-01,5.36309e-09,3.63351e-02
1.81500e+00,5.08575e-01,9.64650e-01,1.04798e-07,3.53494e-02
1.81500e+00,5.08750e-01,9.65004e-01,2.74649e-07,3.49953e-02
1.81500e+00,5.08925e-01,9.64877e-01,4.79725e-07,3.51225e-02
1.81500e+00,5.09100e-01,9.64481e-01,7.43165e-07,3.55181e-02
1.81500e+00,5.09275e-01,9.63994e-01,1.18482e-06,3.60048e-02
1.81500e+00,5.09450e-01,9.63530e-01,2.23278e-06,3.64677e-02
1.81500e+00,5.09625e-01,9.63162e-01,6.12741e-06,3.68323e-02
1.81500e+00,5.09800e-01,9.62917e-01,4.75217e-05,3.70355e-02
1.81500e+00,5.09975e-01,9.59105e-01,1.71426e-04,4.07235e-02
1.81500e+00,5.10150e-01,9.61212e-01,1.74649e-05,3.87709e-02
1.81500e+00,5.10325e-01,9.61055e-01,8.69068e-06,3.89358e-02
1.81500e+00,5.10500e-01,9.60592e-01,6.87524e-06,3.94012e-02
1.81500e+00,5.10675e-01,9.59743e-01,7.13030e-06,4.02500e-02
1.81500e+00,5.10850e-01,9.58045e-01,9.34253e-06,4.19454e-02
1.81500e+00,5.11025e-01,9.53805e-01,1.63624e-05,4.61786e-02
1.81500e+00,5.11200e-01,9.38191e-01,4.57637e-05,6.17636e-02
1.81500e+00,5.11375e-01,9.28891e-01,7.35398e-05,7.10351e-02
1.81500e+00,5.11550e-01,9.58342e-01,1.37421e-05,4.16440e-02
1.81500e+00,5.11725e-01,9.62074e-01,3.72825e-06,3.79220e-02
1.81500e+00,5.11900e-01,9.62336e-01,1.32087e-06,3.76627e-02
1.81500e+00,5.12075e-01,9.61866e-01,5.22802e-07,3.81330e-02
1.81500e+00,5.12250e-01,9.61138e-01,2.40275e-07,3.88619e-02
1.81500e+00,5.12425e-01,9.60321e-01,1.85276e-07,3.96789e-02
1.81500e+00,5.12600e-01,9.59577e-01,2.66472e-07,4.04230e-02
1.81500e+00,5.12775e-01,9.59125e-01,4.50450e-07,4.08746e-02
1.81500e+00,5.12950e-01,9.59235e-01,7.15529e-07,4.07646e-02
1.81500e+00,5.13125e-01,9.60136e-01,1.03136e-06,3.98626e-02
1.81500e+00,5.13300e-01,9.61890e-01,1.35511e-06,3.81090e-02
1.81500e+00,5.13475e-01,9.64313e-01,1.64342e-06,3.56850e-02
1.81500e+00,5.13650e-01,9.67063e-01,1.86942e-06,3.29349e-02
1.81500e+00,5.13825e-01,9.69794e-01,2.02971e-06,3.02044e-02
1.81500e+00,5.14000e-01,9.72272e-01,2.13839e-06,2.77263e-02
1.82000e+00,5.00000e-01,9.39006e-01,3.52862e-05,6.09589e-02
1.82000e+00,5.00175e-01,9.37395e-01,1.57954e-05,6.25891e-02
1.82000e+00,5.00350e-01,9.36565e-01,8.37708e-06,6.34269e-02
1.82000e+00,5.00525e-01,9.36239e-01,5.13866e-06,6.37556e-02
1.82000e+00,5.00700e-01,9.36083e-01,9.12394e-06,6.39080e-02
1.82000e+00,5.00875e-01,8.20563e-01,4.96095e-03,1.74476e-01
1.82000e+00,5.01050e-01,9.37305e-01,3.49666e-05,6.26604e-02
1.82000e+00,5.01225e-01,9.38548e-01,1.31775e-05,6.14388e-02
1.82000e+00,5.01400e-01,9.39727e-01,8.07438e-06,6.02645e-02
1.82000e+00,5.01575e-01,9.41016e-01,5.85269e-06,5.89786e-02
1.82000e+00,5.01750e-01,9.42381e-01,4.61300e-06,5.76147e-02
1.82000e+00,5.01925e-01,9.43757e-01,3.82447e-06,5.62395e-02
1.82000e+00,5.02100e-01,9.45056e-01,3.28070e-06,5.49409e-02
1.82000e+00,5.02275e-01,9.46176e-01,2.88445e-06,5.38215e-02
1.82000e+00,5.02450e-01,9.47012e-01,2.58409e-06,5.29856e-02
1.82000e+00,5.02625e-01,9.47479e-01,2.34998e-06,5.25188e-02
1.82000e+00,5.02800e-01,9.47532e-01,2.16392e-06,5.24662e-02
1.82000e+00,5.02975e-01,9.47181e-01,2.01367e-06,5.28169e-02
1.82000e+00,5.03150e-01,9.46492e-01,1.88996e-06,5.35058e-02
1.82000e+00,5.03325e-01,9.45567e-01,1.78476e-06,5.44310e-02
1.82000e+00,5.03500e-01,9.44518e-01,1.69068e-06,5.54805e-02
1.82000e+00,5.03675e-01,9.43442e-01,1.60069e-06,5.65563e-02
1.82000e+00,5.03850e-01,9.42409e-01,1.50802e-06,5.75899e-02
1.82000e+00,5.04025e-01,9.41448e-01,1.40577e-06,5.85506e-02
1.82000e+00,5.04200e-01,9.40544e-01,1.28584e-06,5.94550e-02
1.82000e+00,5.04375e-01,9.39598e-01,1.13679e-06,6.04006e-02
1.82000e+00,5.04550e-01,9.38296e-01,9.40158e-07,6.17029e-02
1.82000e+00,5.04725e-01,9.35528e-01,6.82010e-07,6.44713e-02
1.82000e+00,5.04900e-01,9.28600e-01,6.21614e-07,7.13994e-02
1.82000e+00,5.05075e-01,9.27979e-01,1.34897e-06,7.20199e-02
1.82000e+00,5.05250e-01,9.33782e-01,1.43305e-06,6.62169e-02
1.82000e+00,5.05425e-01,9.36344e-01,1.25535e-06,6.36551e-02
1.82000e+00,5.05600e-01,9.37517e-01,1.08253e-06,6.24822e-02
1.82000e+00,5.05775e-01,9.38214e-01,9.36637e-07,6.17853e-02
1.82000e+00,5.05950e-01,9.38733e-01,8.18204e-07,6.12661e-02
1.82000e+00,5.06125e-01,9.39186e-01,7.30204e-07,6.08129e-02
1.82000e+00,5.06300e-01,9.39622e-01,6.80542e-07,6.03777e-02
1.82000e+00,5.06475e-01,9.40062e-01,6.83846e-07,5.99371e-02
1.82000e+00,5.06650e-01,9.40519e-01,7.65696e-07,5.94805e-02
1.82000e+00,5.06825e-01,9.40992e-01,9.72403e-07,5.90072e-02
1.82000e+00,5.07000e-01,9.41463e-01,1.39481e-06,5.85352e-02
1.82000e+00,5.07175e-01,9.41869e-01,2.23436e-06,5.81291e-02
1.82000e+00,5.07350e-01,9.42000e-01,4.02844e-06,5.79962e-02
1.82000e+00,5.07525e-01,9.41119e-01,8.71180e-06,5.88722e-02
1.82000e+00,5.07700e-01,9.35565e-01,2.85345e-05,6.44064e-02
1.82000e+00,5.07875e-01,9.07520e-01,2.68631e-04,9.22117e-02
1.82000e+00,5.08050e-01,9.60181e-01,6.27221e-06,3.98129e-02
1.82000e+00,5.08225e-01,9.63153e-01,2.13561e-06,3.68454e-02
1.82000e+00,5.08400e-01,9.64025e-01,5.02297e-07,3.59745e-02
1.82000e+00,5.08575e-01,9.64666e-01,2.17154e-07,3.53337e-02
1.82000e+00,5.08750e-01,9.64877e-01,2.56326e-07,3.51231e-02
1.82000e+00,5.08925e-01,9.64704e-01,3.45036e-07,3.52955e-02
1.82000e+00,5.09100e-01,9.64309e-01,4.13106e-07,3.56902e-02
1.82000e+00,5.09275e-01,9.63842e-01,4.55947e-07,3.61578e-02
1.82000e+00,5.09450e-01,9.63397e-01,4.90311e-07,3.66028e-02
1.82000e+00,5.09625e-01,9.63020e-01,5.44745e-07,3.69796e-02
1.82000e+00,5.09800e-01,9.62725e-01,6.75328e-07,3.72740e-02
1.82000e+00,5.09975e-01,9.62512e-01,1.04305e-06,3.74869e-02
1.82000e+00,5.10150e-01,9.62382e-01,2.32867e-06,3.76156e-02
1.82000e+00,5.10325e-01,9.62386e-01,9.78201e-06,3.76045e-02
1.82000e+00,5.10500e-01,9.61680e-01,4.78550e-04,3.78411e-02
1.82000e+00,5.10675e-01,9.60254e-01,4.93512e-05,3.96962e-02
1.82000e+00,5.10850e-01,9.60586e-01,1.56096e-05,3.93982e-02
1.82000e+00,5.11025e-01,9.60201e-01,1.07807e-05,3.97877e-02
1.82000e+00,5.11200e-01,9.59386e-01,1.02519e-05,4.06042e-02
1.82000e+00,5.11375e-01,9.57880e-01,1.20902e-05,4.21074e-02
1.82000e+00,5.11550e-01,9.54829e-01,1.76800e-05,4.51532e-02
1.82000e+00,5.11725e-01,9.46935e-01,3.51175e-05,5.30296e-02
1.82000e+00,5.11900e-01,9.22005e-01,1.02187e-04,7.78929e-02
1.82000e+00,5.12075e-01,9.47789e-01,5.03335e-05,5.21610e-02
1.82000e+00,5.12250e-01,9.60848e-01,8.98857e-06,3.91427e-02
1.82000e+00,5.12425e-01,9.61695e-01,1.95019e-06,3.83034e-02
1.82000e+00,5.12600e-01,9.61108e-01,2.99546e-07,3.88921e-02
1.82000e+00,5.12775e-01,9.60519e-01,1.13537e-08,3.94807e-02
1.82000e+00,5.12950e-01,9.60403e-01,2.26354e-07,3.95967e-02
1.82000e+00,5.13125e-01,9.61045e-01,6.64769e-07,3.89539e-02
1.82000e+00,5.13300e-01,9.62545e-01,1.17503e-06,3.74543e-02
1.82000e+00,5.13475e-01,9.64753e-01,1.64690e-06,3.52452e-02
1.82000e+00,5.13650e-01,9.67344e-01,2.01232e-06,3.26543e-02
1.82000e+00,5.13825e-01,9.69967e-01,2.25184e-06,3.00303e-02
1.82000e+00,5.14000e-01,9.72378e-01,2.38297e-06,2.76195e-02
1.82500e+00,5.00000e-01,9.18449e-01,4.94349e-05,8.15012e-02
1.82500e+00,5.00175e-01,8.70363e-01,4.55202e-04,1.29182e-01
1.82500e+00,5.00350e-01,9.33003e-01,3.26957e-04,6.66703e-02
1.82500e+00,5.00525e-01,9.39671e-01,4.74318e-05,6.02817e-02
1.82500e+00,5.00700e-01,9.38654e-01,1.69342e-05,6.13292e-02
1.82500e+00,5.00875e-01,9.38354e-01,7.98381e-06,6.16381e-02
